60726444167
164504919713
168749965921
1113491139767
1133836730401
1654058017289
2879347902817
3203431780337
4363953127297
4432676798593
4981857697937
5625767248687
7432339208719
9361973132609
10052678938039
27820074648073
28059810762433
145295143558111
244251294564157
1066818132868207
1522630041152263
2134387368610417
7347135846537257
18584774046020617
70084436712553223
341117531003194129
2305843009213693951
3011347479614249131
18446744069414584321
32032215596496435569
36230454570129675721
86656268566282183151
87274497124602996457
3976656429941438590393
5439042183600204290159
57912614113275649087721
61654440233248340616559
155285743288572277679887
155285743288572277679887
596242599987116128415063
870035986098720987332873
7289088383388253664437433
8235109336690846723986161
13842607235828485645766393
618970019642690137449562111
14732265321145317331353282383
123876132205208335762278423601
162259276829213363391578010288127
7923871097285295625344647665764672671
10350794431055162386718619237468234569
170141183460469231731687303715884105727
3593875704495823757388199894268773153439
79638304766856507377778616296087448490695649
1489459109360039866456940197095433721664951999121
4884164093883941177660049098586324302977543600799
7992177738205979626491506950867720953545660121688631
26828803997912886929710867041891989490486893845712448833
6864797660130609714981900799081393217269435300143305409394463459185543183397656052122559640661454554977296311391480858037121987999716643812574028291115057151
