*p=2*


*p=3*
3 = 4(0)+3 = 4(1)-1

3 = 4(1)-1 = 4(0)+3
1 = 4(1)-3 = 4(0)+1

*p=5*
5 = 4(1)+1 = 4(2)-3
1 = 4(0)+1 = 4(1)-3

5 = 4(2)-3 = 4(1)+1

*p=7*
7 = 4(1)+3 = 4(2)-1
1 = 4(0)+1 = 4(1)-3

7 = 4(2)-1 = 4(1)+3

*p=13*
13 = 4(3)+1 = 4(4)-3
3 = 4(0)+3 = 4(1)-1

13 = 4(4)-3 = 4(3)+1

*p=17*
17 = 4(4)+1 = 4(5)-3

17 = 4(5)-3 = 4(4)+1
5 = 4(2)-3 = 4(1)+1

*p=19*
19 = 4(4)+3 = 4(5)-1

19 = 4(5)-1 = 4(4)+3
5 = 4(2)-3 = 4(1)+1

*p=31*
31 = 4(7)+3 = 4(8)-1
7 = 4(1)+3 = 4(2)-1
1 = 4(0)+1 = 4(1)-3

31 = 4(8)-1 = 4(7)+3

*p=61*
61 = 4(15)+1 = 4(16)-3
15 = 4(3)+3 = 4(4)-1
3 = 4(0)+3 = 4(1)-1

61 = 4(16)-3 = 4(15)+1

*p=89*
89 = 4(22)+1 = 4(23)-3

89 = 4(23)-3 = 4(22)+1
23 = 4(6)-1 = 4(5)+3

*p=107*
107 = 4(26)+3 = 4(27)-1

107 = 4(27)-1 = 4(26)+3
27 = 4(7)-1 = 4(6)+3
7 = 4(2)-1 = 4(1)+3

*p=127*
127 = 4(31)+3 = 4(32)-1
31 = 4(7)+3 = 4(8)-1
7 = 4(1)+3 = 4(2)-1
1 = 4(0)+1 = 4(1)-3

127 = 4(32)-1 = 4(31)+3

*p=521*
521 = 4(130)+1 = 4(131)-3

521 = 4(131)-3 = 4(130)+1
131 = 4(33)-1 = 4(32)+3
33 = 4(9)-3 = 4(8)+1
9 = 4(3)-3 = 4(2)+1
3 = 4(1)-1 = 4(0)+3
1 = 4(1)-3 = 4(0)+1

*p=607*
607 = 4(151)+3 = 4(152)-1
151 = 4(37)+3 = 4(38)-1
37 = 4(9)+1 = 4(10)-3
9 = 4(2)+1 = 4(3)-3

607 = 4(152)-1 = 4(151)+3

*p=1279*
1279 = 4(319)+3 = 4(320)-1
319 = 4(79)+3 = 4(80)-1
79 = 4(19)+3 = 4(20)-1
19 = 4(4)+3 = 4(5)-1

1279 = 4(320)-1 = 4(319)+3

*p=2203*
2203 = 4(550)+3 = 4(551)-1

2203 = 4(551)-1 = 4(550)+3
551 = 4(138)-1 = 4(137)+3

*p=2281*
2281 = 4(570)+1 = 4(571)-3

2281 = 4(571)-3 = 4(570)+1
571 = 4(143)-1 = 4(142)+3
143 = 4(36)-1 = 4(35)+3

*p=3217*
3217 = 4(804)+1 = 4(805)-3

3217 = 4(805)-3 = 4(804)+1
805 = 4(202)-3 = 4(201)+1

*p=4253*
4253 = 4(1063)+1 = 4(1064)-3
1063 = 4(265)+3 = 4(266)-1
265 = 4(66)+1 = 4(67)-3

4253 = 4(1064)-3 = 4(1063)+1

*p=4423*
4423 = 4(1105)+3 = 4(1106)-1
1105 = 4(276)+1 = 4(277)-3

4423 = 4(1106)-1 = 4(1105)+3

*p=9689*
9689 = 4(2422)+1 = 4(2423)-3

9689 = 4(2423)-3 = 4(2422)+1
2423 = 4(606)-1 = 4(605)+3

*p=9941*
9941 = 4(2485)+1 = 4(2486)-3
2485 = 4(621)+1 = 4(622)-3
621 = 4(155)+1 = 4(156)-3
155 = 4(38)+3 = 4(39)-1

9941 = 4(2486)-3 = 4(2485)+1

*p=11213*
11213 = 4(2803)+1 = 4(2804)-3
2803 = 4(700)+3 = 4(701)-1

11213 = 4(2804)-3 = 4(2803)+1

*p=19937*
19937 = 4(4984)+1 = 4(4985)-3

19937 = 4(4985)-3 = 4(4984)+1
4985 = 4(1247)-3 = 4(1246)+1
1247 = 4(312)-1 = 4(311)+3

*p=21701*
21701 = 4(5425)+1 = 4(5426)-3
5425 = 4(1356)+1 = 4(1357)-3

21701 = 4(5426)-3 = 4(5425)+1

*p=23209*
23209 = 4(5802)+1 = 4(5803)-3

23209 = 4(5803)-3 = 4(5802)+1
5803 = 4(1451)-1 = 4(1450)+3
1451 = 4(363)-1 = 4(362)+3
363 = 4(91)-1 = 4(90)+3
91 = 4(23)-1 = 4(22)+3
23 = 4(6)-1 = 4(5)+3

*p=44497*
44497 = 4(11124)+1 = 4(11125)-3

44497 = 4(11125)-3 = 4(11124)+1
11125 = 4(2782)-3 = 4(2781)+1

*p=86243*
86243 = 4(21560)+3 = 4(21561)-1

86243 = 4(21561)-1 = 4(21560)+3
21561 = 4(5391)-3 = 4(5390)+1
5391 = 4(1348)-1 = 4(1347)+3

*p=110503*
110503 = 4(27625)+3 = 4(27626)-1
27625 = 4(6906)+1 = 4(6907)-3

110503 = 4(27626)-1 = 4(27625)+3

*p=132049*
132049 = 4(33012)+1 = 4(33013)-3

132049 = 4(33013)-3 = 4(33012)+1
33013 = 4(8254)-3 = 4(8253)+1

*p=216091*
216091 = 4(54022)+3 = 4(54023)-1

216091 = 4(54023)-1 = 4(54022)+3
54023 = 4(13506)-1 = 4(13505)+3

*p=756839*
756839 = 4(189209)+3 = 4(189210)-1
189209 = 4(47302)+1 = 4(47303)-3

756839 = 4(189210)-1 = 4(189209)+3

*p=859433*
859433 = 4(214858)+1 = 4(214859)-3

859433 = 4(214859)-3 = 4(214858)+1
214859 = 4(53715)-1 = 4(53714)+3
53715 = 4(13429)-1 = 4(13428)+3
13429 = 4(3358)-3 = 4(3357)+1

*p=1257787*
1257787 = 4(314446)+3 = 4(314447)-1

1257787 = 4(314447)-1 = 4(314446)+3
314447 = 4(78612)-1 = 4(78611)+3

*p=1398269*
1398269 = 4(349567)+1 = 4(349568)-3
349567 = 4(87391)+3 = 4(87392)-1
87391 = 4(21847)+3 = 4(21848)-1
21847 = 4(5461)+3 = 4(5462)-1
5461 = 4(1365)+1 = 4(1366)-3
1365 = 4(341)+1 = 4(342)-3
341 = 4(85)+1 = 4(86)-3
85 = 4(21)+1 = 4(22)-3
21 = 4(5)+1 = 4(6)-3
5 = 4(1)+1 = 4(2)-3
1 = 4(0)+1 = 4(1)-3

1398269 = 4(349568)-3 = 4(349567)+1

*p=2976221*
2976221 = 4(744055)+1 = 4(744056)-3
744055 = 4(186013)+3 = 4(186014)-1
186013 = 4(46503)+1 = 4(46504)-3
46503 = 4(11625)+3 = 4(11626)-1
11625 = 4(2906)+1 = 4(2907)-3

2976221 = 4(744056)-3 = 4(744055)+1

*p=3021377*
3021377 = 4(755344)+1 = 4(755345)-3

3021377 = 4(755345)-3 = 4(755344)+1
755345 = 4(188837)-3 = 4(188836)+1
188837 = 4(47210)-3 = 4(47209)+1

*p=6972593*
6972593 = 4(1743148)+1 = 4(1743149)-3

6972593 = 4(1743149)-3 = 4(1743148)+1
1743149 = 4(435788)-3 = 4(435787)+1

*p=13466917*
13466917 = 4(3366729)+1 = 4(3366730)-3
3366729 = 4(841682)+1 = 4(841683)-3

13466917 = 4(3366730)-3 = 4(3366729)+1

*p=20996011*
20996011 = 4(5249002)+3 = 4(5249003)-1

20996011 = 4(5249003)-1 = 4(5249002)+3
5249003 = 4(1312251)-1 = 4(1312250)+3
1312251 = 4(328063)-1 = 4(328062)+3
328063 = 4(82016)-1 = 4(82015)+3

*p=24036583*
24036583 = 4(6009145)+3 = 4(6009146)-1
6009145 = 4(1502286)+1 = 4(1502287)-3

24036583 = 4(6009146)-1 = 4(6009145)+3

*p=25964951*
25964951 = 4(6491237)+3 = 4(6491238)-1
6491237 = 4(1622809)+1 = 4(1622810)-3
1622809 = 4(405702)+1 = 4(405703)-3

25964951 = 4(6491238)-1 = 4(6491237)+3

*p=30402457*
30402457 = 4(7600614)+1 = 4(7600615)-3

30402457 = 4(7600615)-3 = 4(7600614)+1
7600615 = 4(1900154)-1 = 4(1900153)+3

*p=32582657*
32582657 = 4(8145664)+1 = 4(8145665)-3

32582657 = 4(8145665)-3 = 4(8145664)+1
8145665 = 4(2036417)-3 = 4(2036416)+1
2036417 = 4(509105)-3 = 4(509104)+1
509105 = 4(127277)-3 = 4(127276)+1
127277 = 4(31820)-3 = 4(31819)+1

*p=37156667*
37156667 = 4(9289166)+3 = 4(9289167)-1

37156667 = 4(9289167)-1 = 4(9289166)+3
9289167 = 4(2322292)-1 = 4(2322291)+3

*p=42643801*
42643801 = 4(10660950)+1 = 4(10660951)-3

42643801 = 4(10660951)-3 = 4(10660950)+1
10660951 = 4(2665238)-1 = 4(2665237)+3

*p=43112609*
43112609 = 4(10778152)+1 = 4(10778153)-3

43112609 = 4(10778153)-3 = 4(10778152)+1
10778153 = 4(2694539)-3 = 4(2694538)+1
2694539 = 4(673635)-1 = 4(673634)+3
673635 = 4(168409)-1 = 4(168408)+3
168409 = 4(42103)-3 = 4(42102)+1
42103 = 4(10526)-1 = 4(10525)+3

*p=57885161*
57885161 = 4(14471290)+1 = 4(14471291)-3

57885161 = 4(14471291)-3 = 4(14471290)+1
14471291 = 4(3617823)-1 = 4(3617822)+3
3617823 = 4(904456)-1 = 4(904455)+3

*p=74207281*
74207281 = 4(18551820)+1 = 4(18551821)-3

74207281 = 4(18551821)-3 = 4(18551820)+1
18551821 = 4(4637956)-3 = 4(4637955)+1

*p=77232917*
77232917 = 4(19308229)+1 = 4(19308230)-3
19308229 = 4(4827057)+1 = 4(4827058)-3
4827057 = 4(1206764)+1 = 4(1206765)-3

77232917 = 4(19308230)-3 = 4(19308229)+1

*p=82589933*
82589933 = 4(20647483)+1 = 4(20647484)-3
20647483 = 4(5161870)+3 = 4(5161871)-1

82589933 = 4(20647484)-3 = 4(20647483)+1

